1 2 3 4 5 6 7 8 9 10 11 12
A1 2100 2100 2100 2100 2100 2100 2100 2100 2100
A2 0 0 0 0 0 0 2100 2100 2100
A3 2100 2100 2100 2100 2100 2100 2100 2100 2100
A4 2100 2100 2100 2100 2100 2100 2100 2100 2100
A5 2100 2100 2100 2100 2100 2100 2100 2100 2100
A6 2100 2100 2100 2100 2100 2100 2100 2100 2100
A7 2100 2100 2100 2100 2100 2100 2100 2100 2100
A8 2100 2100 2100 2100 2100 2100 2100 2100 2100
A9 2100 2100 2100 2100 2100 2100 2100 2100 2100
A10 2100 2100 2100 2100 2100 2100 2100 2100 2100
A11 2100 2100 2100 2100 2100 2100 2100 2100 2100
A12 2100 2100 2100 2100 2100 2100 2100 2100 2100
A13 2100 2100 2100 2100 2100 2100 2100 2100 2100
A14 2100 2100 2100 2100 2100 2100 2100 2100 2100
A15 2100 2100 2100 2100 2100 2100 2100 2100 2100
A16 2100 2100 2100 2100 2100 2100 2100 2100 2100
